## 0x416CFBDD00 ok=True bytes=2304
0x000000416CFBDD00  00 10 00 10 00 00 00 00 0E 0C 72 B0 00 00 80 80  ..........r.....
0x000000416CFBDD10  80 01 1E 00 87 78 00 10 00 10 00 00 00 00 10 10  .....x..........
0x000000416CFBDD20  00 00 00 00 01 00 00 00 00 00 00 00 10 10 D3 40  ...............@
0x000000416CFBDD30  01 00 00 00 02 01 01 02 00 00 01 00 00 00 04 00  ................
0x000000416CFBDD40  15 00 C2 78 00 00 00 00 01 00 00 00 00 00 00 20  ...x........... 
0x000000416CFBDD50  00 E0 0E 00 00 A0 FC FF 00 60 12 00 00 00 00 00  .........`......
0x000000416CFBDD60  00 00 00 00 00 00 00 00 00 00 00 00 00 00 00 00  ................
0x000000416CFBDD70  00 20 00 00 00 00 00 00 EE 00 CA FF 26 01 00 00  . ..........&...
0x000000416CFBDD80  00 00 00 00 00 00 00 00 00 00 00 00 00 00 00 00  ................
0x000000416CFBDD90  00 00 00 00 00 00 00 00 00 00 00 00 00 00 00 00  ................
0x000000416CFBDDA0  00 00 00 00 00 00 02 00 00 04 FF FF 00 00 00 00  ................
0x000000416CFBDDB0  00 00 00 00 08 0A 00 00 08 0A 00 00 00 00 00 00  ................
0x000000416CFBDDC0  00 00 00 00 00 00 00 00 00 00 00 00 00 00 00 00  ................
0x000000416CFBDDD0  00 00 00 00 00 00 00 00 00 00 00 00 00 00 00 00  ................
0x000000416CFBDDE0  00 00 00 00 00 00 00 00 00 00 00 00 00 00 00 00  ................
0x000000416CFBDDF0  00 00 00 00 00 00 00 00 00 00 00 00 00 00 00 00  ................
0x000000416CFBDE00  00 00 00 00 00 00 00 00 00 00 00 00 00 00 00 00  ................
0x000000416CFBDE10  00 00 00 00 00 00 00 00 00 00 00 00 00 00 00 00  ................
0x000000416CFBDE20  00 00 00 00 00 00 00 00 00 00 00 00 00 00 00 00  ................
0x000000416CFBDE30  00 00 00 00 00 00 00 00 00 00 00 00 00 00 00 00  ................
0x000000416CFBDE40  00 00 00 00 00 00 00 00 00 00 00 00 00 00 00 00  ................
0x000000416CFBDE50  00 00 00 00 00 00 00 00 00 00 B0 00 83 00 00 00  ................
0x000000416CFBDE60  00 00 00 00 94 00 00 00 00 00 00 00 00 00 00 00  ................
0x000000416CFBDE70  00 00 00 00 E0 5C 85 41 01 00 00 00 25 00 04 00  .....\.A....%...
0x000000416CFBDE80  0B 00 00 00 00 00 00 00 00 00 00 20 00 00 00 00  ........... ....
0x000000416CFBDE90  00 00 00 00 00 00 00 00 00 00 00 00 00 00 00 00  ................
0x000000416CFBDEA0  00 00 00 00 00 00 00 00 00 00 00 00 00 00 00 00  ................
0x000000416CFBDEB0  00 00 00 00 00 00 00 00 00 00 00 00 00 00 00 00  ................
0x000000416CFBDEC0  00 00 00 00 00 00 00 00 00 00 00 00 00 00 00 00  ................
0x000000416CFBDED0  00 00 00 00 00 00 00 00 00 00 00 00 00 00 00 00  ................
0x000000416CFBDEE0  00 00 00 00 00 00 00 00 00 00 00 00 00 00 00 00  ................
0x000000416CFBDEF0  00 00 00 00 00 00 00 00 00 00 00 00 00 00 00 00  ................
0x000000416CFBDF00  00 00 00 00 00 00 00 00 00 00 00 00 00 00 00 00  ................
0x000000416CFBDF10  00 00 00 00 00 00 00 00 00 00 00 00 00 00 00 00  ................
0x000000416CFBDF20  00 00 00 00 01 00 00 00 06 00 08 00 0A 00 08 00  ................
0x000000416CFBDF30  9E 03 00 00 00 00 00 00 00 00 00 00 00 00 00 00  ................
0x000000416CFBDF40  00 00 00 00 70 B7 CF 40 01 00 00 00 40 87 CF 40  ....p..@....@..@
0x000000416CFBDF50  01 00 00 00 70 B7 CF 40 01 00 00 00 40 87 CF 40  ....p..@....@..@
0x000000416CFBDF60  01 00 00 00 E8 0E D3 40 01 00 00 00 00 00 01 00  .......@........
0x000000416CFBDF70  00 00 00 00 00 00 01 00 00 00 00 00 00 00 00 00  ................
0x000000416CFBDF80  00 00 00 00 00 00 00 00 00 00 00 00 90 73 D3 40  .............s.@
0x000000416CFBDF90  01 00 00 00 D0 83 D3 40 01 00 00 00 2E 0F D3 40  .......@.......@
0x000000416CFBDFA0  01 00 00 00 00 00 00 00 00 00 00 00 00 00 00 00  ................
0x000000416CFBDFB0  00 00 00 00 00 00 02 00 00 00 00 00 00 00 01 00  ................
0x000000416CFBDFC0  00 00 00 00 00 00 00 00 00 00 00 00 00 00 00 00  ................
0x000000416CFBDFD0  00 00 00 00 50 5B D3 40 01 00 00 00 90 6B D3 40  ....P[.@.....k.@
0x000000416CFBDFE0  01 00 00 00 52 0F D3 40 01 00 00 00 00 00 00 00  ....R..@........
0x000000416CFBDFF0  00 00 00 00 00 00 00 00 00 00 00 00 00 00 02 00  ................
0x000000416CFBE000  00 00 00 00 00 00 01 00 00 00 00 00 00 00 00 00  ................
0x000000416CFBE010  00 00 00 00 00 00 00 00 00 00 00 00 50 5B D3 40  ............P[.@
0x000000416CFBE020  01 00 00 00 90 6B D3 40 01 00 00 00 76 0F D3 40  .....k.@....v..@
0x000000416CFBE030  01 00 00 00 00 00 00 00 00 00 00 00 00 00 00 00  ................
0x000000416CFBE040  00 00 00 00 00 00 00 00 E4 00 D0 FF 30 01 00 00  ............0...
0x000000416CFBE050  F8 00 C4 FF 30 01 00 00 E4 00 D0 FF 1C 01 00 00  ....0...........
0x000000416CFBE060  F8 00 C4 FF 1C 01 00 00 00 00 00 00 00 00 01 00  ................
0x000000416CFBE070  46 00 3D 00 9A 0F D3 40 01 00 00 00 B0 0F D3 40  F.=....@.......@
0x000000416CFBE080  01 00 00 00 C6 0F D3 40 01 00 00 00 00 00 00 00  .......@........
0x000000416CFBE090  00 00 00 00 F2 0F D3 40 01 00 00 00 00 15 00 D8  .......@........
0x000000416CFBE0A0  00 00 00 00 DC 0F D3 40 01 00 00 00 00 00 00 00  .......@........
0x000000416CFBE0B0  00 00 00 00 00 00 00 00 00 00 00 00 00 00 00 00  ................
0x000000416CFBE0C0  00 00 00 00 00 00 00 00 00 00 00 00 00 00 00 00  ................
0x000000416CFBE0D0  00 00 00 00 00 00 00 00 00 00 00 00 00 00 00 00  ................
0x000000416CFBE0E0  00 00 00 00 E1 00 BF FF 19 01 00 00 00 00 80 3F  ...............?
0x000000416CFBE0F0  00 00 01 00 00 00 C0 3E 66 66 E6 3E 00 00 FA FF  .......>ff.>....
0x000000416CFBE100  00 00 00 00 00 00 00 00 00 00 00 00 00 00 00 00  ................
0x000000416CFBE110  00 00 00 00 00 00 00 00 00 00 00 00 00 00 00 00  ................
0x000000416CFBE120  00 00 00 00 00 00 00 00 00 00 00 00 00 00 00 00  ................
0x000000416CFBE130  00 00 00 00 00 00 00 00 00 00 00 00 00 00 00 00  ................
0x000000416CFBE140  00 00 00 00 00 00 00 00 00 00 00 00 80 80 80 03  ................
0x000000416CFBE150  15 00 C2 78 00 10 00 10 00 00 F7 EA 18 18 68 50  ...x..........hP
0x000000416CFBE160  00 EF DE 20 28 C0 00 00 F2 E6 18 18 50 50 00 00  ... (.......PP..
0x000000416CFBE170  00 00 00 00 00 00 00 00 00 00 00 00 00 00 00 00  ................
0x000000416CFBE180  00 00 00 00 00 00 00 00 00 00 00 00 00 00 00 00  ................
0x000000416CFBE190  00 00 80 80 80 00 00 00 00 00 00 10 00 10 00 00  ................
0x000000416CFBE1A0  00 00 00 00 00 00 00 00 00 00 00 00 00 00 00 00  ................
0x000000416CFBE1B0  00 00 00 00 00 00 80 80 80 00 00 00 00 00 00 10  ................
0x000000416CFBE1C0  00 10 00 00 00 00 00 00 00 00 00 00 00 00 00 00  ................
0x000000416CFBE1D0  00 00 00 00 00 00 00 00 00 00 80 80 80 00 00 00  ................
0x000000416CFBE1E0  00 00 00 10 00 10 00 00 00 00 00 00 00 00 00 00  ................
0x000000416CFBE1F0  00 00 00 00 00 00 00 00 00 00 00 00 00 00 28 8C  ..............(.
0x000000416CFBE200  DC 01 3F 00 C2 79 00 10 00 10 00 00 F2 E0 08 10  ..?..y..........
0x000000416CFBE210  A8 30 01 00 28 8C DC 01 3F 00 C2 79 00 10 00 10  .0..(...?..y....
0x000000416CFBE220  00 00 EB E0 08 10 E0 30 01 00 28 8C DC 01 3F 00  .......0..(...?.
0x000000416CFBE230  C2 79 00 10 00 10 00 00 EB E0 00 00 00 00 01 00  .y..............
0x000000416CFBE240  80 80 80 01 1F 00 87 78 00 10 00 10 00 00 00 00  .......x........
0x000000416CFBE250  0E 0C 72 BC 00 00 80 80 80 01 1E 00 87 78 00 10  ..r..........x..
0x000000416CFBE260  00 10 00 00 00 00 10 10 00 00 00 00 01 00 00 00  ................
0x000000416CFBE270  00 00 00 00 58 15 D3 40 01 00 00 00 03 02 7E 00  ....X..@......~.
0x000000416CFBE280  00 00 01 00 00 00 04 00 16 00 C3 78 01 00 00 00  ...........x....
0x000000416CFBE290  7E 00 00 00 00 00 00 30 00 A0 10 00 00 40 FC FF  ~......0.....@..
0x000000416CFBE2A0  00 A0 10 00 00 00 00 00 00 00 00 00 00 00 00 00  ................
0x000000416CFBE2B0  00 00 00 00 00 00 00 00 00 20 00 00 00 00 00 00  ......... ......
0x000000416CFBE2C0  0A 01 C4 FF 0A 01 00 00 00 00 00 00 00 00 00 00  ................
0x000000416CFBE2D0  00 00 00 00 00 00 00 00 00 00 00 00 00 00 00 00  ................
0x000000416CFBE2E0  00 00 00 00 00 00 00 00 00 00 00 00 00 00 02 00  ................
0x000000416CFBE2F0  00 04 FF FF 00 00 00 00 00 00 00 00 09 09 00 00  ................
0x000000416CFBE300  09 09 00 00 00 00 00 00 00 00 00 00 00 00 00 00  ................
0x000000416CFBE310  00 00 00 00 00 00 00 00 00 00 00 00 00 00 00 00  ................
0x000000416CFBE320  00 00 00 00 00 00 00 00 00 00 00 00 00 00 00 00  ................
0x000000416CFBE330  00 00 00 00 00 00 00 00 00 00 00 00 00 00 00 00  ................
0x000000416CFBE340  00 00 00 00 00 00 00 00 00 00 00 00 00 00 00 00  ................
0x000000416CFBE350  00 00 00 00 00 00 00 00 00 00 00 00 00 00 00 00  ................
0x000000416CFBE360  00 00 00 00 00 00 00 00 00 00 00 00 00 00 00 00  ................
0x000000416CFBE370  00 00 00 00 00 00 00 00 00 00 00 00 00 00 00 00  ................
0x000000416CFBE380  00 00 00 00 00 00 00 00 00 00 00 00 00 00 00 00  ................
0x000000416CFBE390  00 00 00 00 00 00 00 00 00 00 00 00 00 00 00 00  ................
0x000000416CFBE3A0  00 00 D8 00 7E 00 00 00 00 00 00 00 93 00 00 00  ....~...........
0x000000416CFBE3B0  00 00 00 00 00 00 00 00 00 00 00 00 E0 5E 85 41  .............^.A
0x000000416CFBE3C0  01 00 00 00 11 00 02 00 08 00 00 00 00 00 00 00  ................
0x000000416CFBE3D0  00 00 00 30 10 00 00 00 00 00 00 00 00 00 00 00  ...0............
0x000000416CFBE3E0  00 00 00 00 00 00 00 00 00 00 00 00 00 00 00 00  ................
0x000000416CFBE3F0  00 00 00 00 00 00 00 00 00 00 00 00 00 00 00 00  ................
0x000000416CFBE400  00 00 00 00 00 00 00 00 00 00 00 00 00 00 00 00  ................
0x000000416CFBE410  00 00 00 00 00 00 00 00 00 00 00 00 00 00 00 00  ................
0x000000416CFBE420  00 00 00 00 00 00 00 00 00 00 00 00 00 00 00 00  ................
0x000000416CFBE430  00 00 00 00 00 00 00 00 00 00 00 00 00 00 00 00  ................
0x000000416CFBE440  00 00 00 00 00 00 00 00 00 00 00 00 00 00 00 00  ................
0x000000416CFBE450  00 00 00 00 00 00 00 00 00 00 00 00 00 00 00 00  ................
0x000000416CFBE460  00 00 00 00 00 00 00 00 00 00 00 00 01 00 00 00  ................
0x000000416CFBE470  06 00 02 00 0B 00 06 00 9C 03 00 00 00 00 00 00  ................
0x000000416CFBE480  00 00 00 00 00 00 00 00 00 00 00 00 70 B7 CF 40  ............p..@
0x000000416CFBE490  01 00 00 00 40 87 CF 40 01 00 00 00 70 B7 CF 40  ....@..@....p..@
0x000000416CFBE4A0  01 00 00 00 40 87 CF 40 01 00 00 00 30 14 D3 40  ....@..@....0..@
0x000000416CFBE4B0  01 00 00 00 00 00 01 00 00 00 00 00 00 00 01 00  ................
0x000000416CFBE4C0  00 00 00 00 00 00 00 00 00 00 00 00 00 00 00 00  ................
0x000000416CFBE4D0  00 00 00 00 90 73 D3 40 01 00 00 00 D0 83 D3 40  .....s.@.......@
0x000000416CFBE4E0  01 00 00 00 76 14 D3 40 01 00 00 00 00 00 00 00  ....v..@........
0x000000416CFBE4F0  00 00 00 00 00 00 00 00 00 00 00 00 00 00 02 00  ................
0x000000416CFBE500  00 00 00 00 00 00 01 00 00 00 00 00 00 00 00 00  ................
0x000000416CFBE510  00 00 00 00 00 00 00 00 00 00 00 00 50 5B D3 40  ............P[.@
0x000000416CFBE520  01 00 00 00 90 6B D3 40 01 00 00 00 9A 14 D3 40  .....k.@.......@
0x000000416CFBE530  01 00 00 00 00 00 00 00 00 00 00 00 00 00 00 00  ................
0x000000416CFBE540  00 00 00 00 00 00 02 00 00 00 00 00 00 00 01 00  ................
0x000000416CFBE550  00 00 00 00 00 00 00 00 00 00 00 00 00 00 00 00  ................
0x000000416CFBE560  00 00 00 00 50 5B D3 40 01 00 00 00 90 6B D3 40  ....P[.@.....k.@
0x000000416CFBE570  01 00 00 00 BE 14 D3 40 01 00 00 00 00 00 00 00  .......@........
0x000000416CFBE580  00 00 00 00 00 00 00 00 00 00 00 00 00 00 00 00  ................
0x000000416CFBE590  00 01 C4 FF 14 01 00 00 14 01 C4 FF 14 01 00 00  ................
0x000000416CFBE5A0  00 01 C4 FF 00 01 00 00 14 01 C4 FF 00 01 00 00  ................
0x000000416CFBE5B0  00 00 00 00 00 00 01 00 22 00 3D 00 E2 14 D3 40  ........".=....@
0x000000416CFBE5C0  01 00 00 00 F8 14 D3 40 01 00 00 00 0E 15 D3 40  .......@.......@
0x000000416CFBE5D0  01 00 00 00 00 00 00 00 00 00 00 00 3A 15 D3 40  ............:..@
0x000000416CFBE5E0  01 00 00 00 01 0A 00 D8 BF E6 01 00 24 15 D3 40  ............$..@
0x000000416CFBE5F0  01 00 00 00 00 00 00 00 00 00 00 00 00 00 00 00  ................

## 0x416CFBE300 ok=True bytes=2304
0x000000416CFBE300  09 09 00 00 00 00 00 00 00 00 00 00 00 00 00 00  ................
0x000000416CFBE310  00 00 00 00 00 00 00 00 00 00 00 00 00 00 00 00  ................
0x000000416CFBE320  00 00 00 00 00 00 00 00 00 00 00 00 00 00 00 00  ................
0x000000416CFBE330  00 00 00 00 00 00 00 00 00 00 00 00 00 00 00 00  ................
0x000000416CFBE340  00 00 00 00 00 00 00 00 00 00 00 00 00 00 00 00  ................
0x000000416CFBE350  00 00 00 00 00 00 00 00 00 00 00 00 00 00 00 00  ................
0x000000416CFBE360  00 00 00 00 00 00 00 00 00 00 00 00 00 00 00 00  ................
0x000000416CFBE370  00 00 00 00 00 00 00 00 00 00 00 00 00 00 00 00  ................
0x000000416CFBE380  00 00 00 00 00 00 00 00 00 00 00 00 00 00 00 00  ................
0x000000416CFBE390  00 00 00 00 00 00 00 00 00 00 00 00 00 00 00 00  ................
0x000000416CFBE3A0  00 00 D8 00 7E 00 00 00 00 00 00 00 93 00 00 00  ....~...........
0x000000416CFBE3B0  00 00 00 00 00 00 00 00 00 00 00 00 E0 5E 85 41  .............^.A
0x000000416CFBE3C0  01 00 00 00 11 00 02 00 08 00 00 00 00 00 00 00  ................
0x000000416CFBE3D0  00 00 00 30 10 00 00 00 00 00 00 00 00 00 00 00  ...0............
0x000000416CFBE3E0  00 00 00 00 00 00 00 00 00 00 00 00 00 00 00 00  ................
0x000000416CFBE3F0  00 00 00 00 00 00 00 00 00 00 00 00 00 00 00 00  ................
0x000000416CFBE400  00 00 00 00 00 00 00 00 00 00 00 00 00 00 00 00  ................
0x000000416CFBE410  00 00 00 00 00 00 00 00 00 00 00 00 00 00 00 00  ................
0x000000416CFBE420  00 00 00 00 00 00 00 00 00 00 00 00 00 00 00 00  ................
0x000000416CFBE430  00 00 00 00 00 00 00 00 00 00 00 00 00 00 00 00  ................
0x000000416CFBE440  00 00 00 00 00 00 00 00 00 00 00 00 00 00 00 00  ................
0x000000416CFBE450  00 00 00 00 00 00 00 00 00 00 00 00 00 00 00 00  ................
0x000000416CFBE460  00 00 00 00 00 00 00 00 00 00 00 00 01 00 00 00  ................
0x000000416CFBE470  06 00 02 00 0B 00 06 00 9C 03 00 00 00 00 00 00  ................
0x000000416CFBE480  00 00 00 00 00 00 00 00 00 00 00 00 70 B7 CF 40  ............p..@
0x000000416CFBE490  01 00 00 00 40 87 CF 40 01 00 00 00 70 B7 CF 40  ....@..@....p..@
0x000000416CFBE4A0  01 00 00 00 40 87 CF 40 01 00 00 00 30 14 D3 40  ....@..@....0..@
0x000000416CFBE4B0  01 00 00 00 00 00 01 00 00 00 00 00 00 00 01 00  ................
0x000000416CFBE4C0  00 00 00 00 00 00 00 00 00 00 00 00 00 00 00 00  ................
0x000000416CFBE4D0  00 00 00 00 90 73 D3 40 01 00 00 00 D0 83 D3 40  .....s.@.......@
0x000000416CFBE4E0  01 00 00 00 76 14 D3 40 01 00 00 00 00 00 00 00  ....v..@........
0x000000416CFBE4F0  00 00 00 00 00 00 00 00 00 00 00 00 00 00 02 00  ................
0x000000416CFBE500  00 00 00 00 00 00 01 00 00 00 00 00 00 00 00 00  ................
0x000000416CFBE510  00 00 00 00 00 00 00 00 00 00 00 00 50 5B D3 40  ............P[.@
0x000000416CFBE520  01 00 00 00 90 6B D3 40 01 00 00 00 9A 14 D3 40  .....k.@.......@
0x000000416CFBE530  01 00 00 00 00 00 00 00 00 00 00 00 00 00 00 00  ................
0x000000416CFBE540  00 00 00 00 00 00 02 00 00 00 00 00 00 00 01 00  ................
0x000000416CFBE550  00 00 00 00 00 00 00 00 00 00 00 00 00 00 00 00  ................
0x000000416CFBE560  00 00 00 00 50 5B D3 40 01 00 00 00 90 6B D3 40  ....P[.@.....k.@
0x000000416CFBE570  01 00 00 00 BE 14 D3 40 01 00 00 00 00 00 00 00  .......@........
0x000000416CFBE580  00 00 00 00 00 00 00 00 00 00 00 00 00 00 00 00  ................
0x000000416CFBE590  00 01 C4 FF 14 01 00 00 14 01 C4 FF 14 01 00 00  ................
0x000000416CFBE5A0  00 01 C4 FF 00 01 00 00 14 01 C4 FF 00 01 00 00  ................
0x000000416CFBE5B0  00 00 00 00 00 00 01 00 22 00 3D 00 E2 14 D3 40  ........".=....@
0x000000416CFBE5C0  01 00 00 00 F8 14 D3 40 01 00 00 00 0E 15 D3 40  .......@.......@
0x000000416CFBE5D0  01 00 00 00 00 00 00 00 00 00 00 00 3A 15 D3 40  ............:..@
0x000000416CFBE5E0  01 00 00 00 01 0A 00 D8 BF E6 01 00 24 15 D3 40  ............$..@
0x000000416CFBE5F0  01 00 00 00 00 00 00 00 00 00 00 00 00 00 00 00  ................
0x000000416CFBE600  00 00 00 00 00 00 00 00 00 00 00 00 00 00 00 00  ................
0x000000416CFBE610  00 00 00 00 00 00 00 00 00 00 00 00 00 00 00 00  ................
0x000000416CFBE620  00 00 00 00 00 00 00 00 00 00 00 00 FD 00 B9 FF  ................
0x000000416CFBE630  FD 00 00 00 00 00 80 3F 00 00 01 00 00 00 C0 3E  .......?.......>
0x000000416CFBE640  66 66 E6 3E 00 00 FA FF 00 00 00 00 00 00 00 00  ff.>............
0x000000416CFBE650  00 00 00 00 00 00 00 00 00 00 00 00 00 00 00 00  ................
0x000000416CFBE660  00 00 00 00 00 00 00 00 00 00 00 00 00 00 00 00  ................
0x000000416CFBE670  00 00 00 00 00 00 00 00 00 00 00 00 00 00 00 00  ................
0x000000416CFBE680  00 00 00 00 00 00 00 00 00 00 00 00 00 00 00 00  ................
0x000000416CFBE690  00 00 00 00 80 80 80 03 16 00 C3 78 00 10 00 10  ...........x....
0x000000416CFBE6A0  00 00 F7 E9 18 18 98 50 00 EF DD 20 28 00 28 00  .......P... (.(.
0x000000416CFBE6B0  F2 E5 18 18 80 50 00 00 00 00 00 00 00 00 00 00  .....P..........
0x000000416CFBE6C0  00 00 00 00 00 00 00 00 00 00 00 00 00 00 00 00  ................
0x000000416CFBE6D0  00 00 00 00 00 00 00 00 00 00 80 80 80 00 00 00  ................
0x000000416CFBE6E0  00 00 00 10 00 10 00 00 00 00 00 00 00 00 00 00  ................
0x000000416CFBE6F0  00 00 00 00 00 00 00 00 00 00 00 00 00 00 80 80  ................
0x000000416CFBE700  80 00 00 00 00 00 00 10 00 10 00 00 00 00 00 00  ................
0x000000416CFBE710  00 00 00 00 00 00 00 00 00 00 00 00 00 00 00 00  ................
0x000000416CFBE720  00 00 80 80 80 00 00 00 00 00 00 10 00 10 00 00  ................
0x000000416CFBE730  00 00 00 00 00 00 00 00 00 00 00 00 00 00 00 00  ................
0x000000416CFBE740  00 00 00 00 00 00 28 8C DC 01 3F 00 C3 79 00 10  ......(...?..y..
0x000000416CFBE750  00 10 00 00 F2 E0 08 10 C8 30 01 00 28 8C DC 01  .........0..(...
0x000000416CFBE760  3F 00 C3 79 00 10 00 10 00 00 EB E0 08 10 C0 30  ?..y...........0
0x000000416CFBE770  01 00 28 8C DC 01 3F 00 C3 79 00 10 00 10 00 00  ..(...?..y......
0x000000416CFBE780  EB E0 00 00 00 00 01 00 80 80 80 01 1F 00 87 78  ...............x
0x000000416CFBE790  00 10 00 10 00 00 00 00 0E 0C 8E B0 00 00 80 80  ................
0x000000416CFBE7A0  80 01 1E 00 87 78 00 10 00 10 00 00 00 00 10 10  .....x..........
0x000000416CFBE7B0  00 00 00 00 01 00 00 00 00 00 00 00 A0 1A D3 40  ...............@
0x000000416CFBE7C0  01 00 00 00 04 03 1E 00 00 00 01 00 00 00 04 00  ................
0x000000416CFBE7D0  17 00 C4 78 00 00 00 00 1E 00 00 00 00 00 30 00  ...x..........0.
0x000000416CFBE7E0  00 60 12 00 00 40 FC FF 00 A0 10 00 00 00 00 00  .`...@..........
0x000000416CFBE7F0  00 00 00 00 00 00 00 00 00 00 00 00 00 00 00 00  ................
0x000000416CFBE800  00 20 00 00 00 00 00 00 26 01 C4 FF 0A 01 00 00  . ......&.......
0x000000416CFBE810  00 00 00 00 00 00 00 00 00 00 00 00 00 00 00 00  ................
0x000000416CFBE820  00 00 00 00 00 00 00 00 00 00 00 00 00 00 00 00  ................
0x000000416CFBE830  00 00 00 00 00 00 02 00 00 04 FF FF 00 00 00 00  ................
0x000000416CFBE840  00 00 00 00 0A 09 00 00 0A 09 00 00 00 00 00 00  ................
0x000000416CFBE850  00 00 00 00 00 00 00 00 00 00 00 00 00 00 00 00  ................
0x000000416CFBE860  00 00 00 00 00 00 00 00 00 00 00 00 00 00 00 00  ................
0x000000416CFBE870  00 00 00 00 00 00 00 00 00 00 00 00 00 00 00 00  ................
0x000000416CFBE880  00 00 00 00 00 00 00 00 00 00 00 00 00 00 00 00  ................
0x000000416CFBE890  00 00 00 00 00 00 00 00 00 00 00 00 00 00 00 00  ................
0x000000416CFBE8A0  00 00 00 00 00 00 00 00 00 00 00 00 00 00 00 00  ................
0x000000416CFBE8B0  00 00 00 00 00 00 00 00 00 00 00 00 00 00 00 00  ................
0x000000416CFBE8C0  00 00 00 00 00 00 00 00 00 00 00 00 00 00 00 00  ................
0x000000416CFBE8D0  00 00 00 00 00 00 00 00 00 00 00 00 00 00 00 00  ................
0x000000416CFBE8E0  00 00 00 00 00 00 00 00 00 00 EC 00 72 00 00 00  ............r...
0x000000416CFBE8F0  00 00 00 00 97 00 00 00 00 00 00 00 00 00 00 00  ................
0x000000416CFBE900  00 00 00 00 E0 60 85 41 01 00 00 00 1E 00 03 00  .....`.A........
0x000000416CFBE910  08 00 00 00 00 00 00 00 00 00 30 00 00 00 00 00  ..........0.....
0x000000416CFBE920  00 00 00 00 00 00 00 00 00 00 00 00 00 00 00 00  ................
0x000000416CFBE930  00 00 00 00 00 00 00 00 00 00 00 00 00 00 00 00  ................
0x000000416CFBE940  00 00 00 00 00 00 00 00 00 00 00 00 00 00 00 00  ................
0x000000416CFBE950  00 00 00 00 00 00 00 00 00 00 00 00 00 00 00 00  ................
0x000000416CFBE960  00 00 00 00 00 00 00 00 00 00 00 00 00 00 00 00  ................
0x000000416CFBE970  00 00 00 00 00 00 00 00 00 00 00 00 00 00 00 00  ................
0x000000416CFBE980  00 00 00 00 00 00 00 00 00 00 00 00 00 00 00 00  ................
0x000000416CFBE990  00 00 00 00 00 00 00 00 00 00 00 00 00 00 00 00  ................
0x000000416CFBE9A0  00 00 00 00 00 00 00 00 00 00 00 00 00 00 00 00  ................
0x000000416CFBE9B0  00 00 00 00 01 00 00 00 06 00 0C 00 0C 00 02 00  ................
0x000000416CFBE9C0  A8 03 00 00 00 00 00 00 00 00 00 00 00 00 00 00  ................
0x000000416CFBE9D0  00 00 00 00 70 B7 CF 40 01 00 00 00 40 87 CF 40  ....p..@....@..@
0x000000416CFBE9E0  01 00 00 00 70 B7 CF 40 01 00 00 00 40 87 CF 40  ....p..@....@..@
0x000000416CFBE9F0  01 00 00 00 78 19 D3 40 01 00 00 00 00 00 01 00  ....x..@........
0x000000416CFBEA00  00 00 00 00 00 00 01 00 00 00 00 00 00 00 00 00  ................
0x000000416CFBEA10  00 00 00 00 00 00 00 00 00 00 00 00 90 73 D3 40  .............s.@
0x000000416CFBEA20  01 00 00 00 D0 83 D3 40 01 00 00 00 BE 19 D3 40  .......@.......@
0x000000416CFBEA30  01 00 00 00 00 00 00 00 00 00 00 00 00 00 00 00  ................
0x000000416CFBEA40  00 00 00 00 00 00 02 00 00 00 00 00 00 00 01 00  ................
0x000000416CFBEA50  00 00 00 00 00 00 00 00 00 00 00 00 00 00 00 00  ................
0x000000416CFBEA60  00 00 00 00 50 5B D3 40 01 00 00 00 90 6B D3 40  ....P[.@.....k.@
0x000000416CFBEA70  01 00 00 00 E2 19 D3 40 01 00 00 00 00 00 00 00  .......@........
0x000000416CFBEA80  00 00 00 00 00 00 00 00 00 00 00 00 00 00 02 00  ................
0x000000416CFBEA90  00 00 00 00 00 00 01 00 00 00 00 00 00 00 00 00  ................
0x000000416CFBEAA0  00 00 00 00 00 00 00 00 00 00 00 00 50 5B D3 40  ............P[.@
0x000000416CFBEAB0  01 00 00 00 90 6B D3 40 01 00 00 00 06 1A D3 40  .....k.@.......@
0x000000416CFBEAC0  01 00 00 00 00 00 00 00 00 00 00 00 00 00 00 00  ................
0x000000416CFBEAD0  00 00 00 00 00 00 00 00 1C 01 C4 FF 14 01 00 00  ................
0x000000416CFBEAE0  30 01 C4 FF 14 01 00 00 1C 01 C4 FF 00 01 00 00  0...............
0x000000416CFBEAF0  30 01 C4 FF 00 01 00 00 00 00 00 00 00 00 00 00  0...............
0x000000416CFBEB00  00 00 00 00 2A 1A D3 40 01 00 00 00 40 1A D3 40  ....*..@....@..@
0x000000416CFBEB10  01 00 00 00 56 1A D3 40 01 00 00 00 00 00 00 00  ....V..@........
0x000000416CFBEB20  00 00 00 00 82 1A D3 40 01 00 00 00 01 10 00 D8  .......@........
0x000000416CFBEB30  BF E6 01 00 6C 1A D3 40 01 00 00 00 00 00 00 00  ....l..@........
0x000000416CFBEB40  00 00 00 00 00 00 00 00 00 00 00 00 00 00 00 00  ................
0x000000416CFBEB50  00 00 00 00 00 00 00 00 00 00 00 00 00 00 00 00  ................
0x000000416CFBEB60  00 00 00 00 00 00 00 00 00 00 00 00 00 00 00 00  ................
0x000000416CFBEB70  00 00 00 00 19 01 B9 FF FD 00 00 00 00 00 80 3F  ...............?
0x000000416CFBEB80  00 00 01 00 00 00 C0 3E 66 66 E6 3E 00 00 FA FF  .......>ff.>....
0x000000416CFBEB90  00 00 00 00 00 00 00 00 00 00 00 00 00 00 00 00  ................
0x000000416CFBEBA0  00 00 00 00 00 00 00 00 00 00 00 00 00 00 00 00  ................
0x000000416CFBEBB0  00 00 00 00 00 00 00 00 00 00 00 00 00 00 00 00  ................
0x000000416CFBEBC0  00 00 00 00 00 00 00 00 00 00 00 00 00 00 00 00  ................
0x000000416CFBEBD0  00 00 00 00 00 00 00 00 00 00 00 00 80 80 80 03  ................
0x000000416CFBEBE0  17 00 C4 78 00 10 00 10 00 00 F7 EA 18 18 C8 50  ...x...........P
0x000000416CFBEBF0  00 EF DE 20 28 20 28 00 EF E6 18 18 B0 50 00 00  ... ( (......P..

## 0x416CFBE800 ok=True bytes=2304
0x000000416CFBE800  00 20 00 00 00 00 00 00 26 01 C4 FF 0A 01 00 00  . ......&.......
0x000000416CFBE810  00 00 00 00 00 00 00 00 00 00 00 00 00 00 00 00  ................
0x000000416CFBE820  00 00 00 00 00 00 00 00 00 00 00 00 00 00 00 00  ................
0x000000416CFBE830  00 00 00 00 00 00 02 00 00 04 FF FF 00 00 00 00  ................
0x000000416CFBE840  00 00 00 00 0A 09 00 00 0A 09 00 00 00 00 00 00  ................
0x000000416CFBE850  00 00 00 00 00 00 00 00 00 00 00 00 00 00 00 00  ................
0x000000416CFBE860  00 00 00 00 00 00 00 00 00 00 00 00 00 00 00 00  ................
0x000000416CFBE870  00 00 00 00 00 00 00 00 00 00 00 00 00 00 00 00  ................
0x000000416CFBE880  00 00 00 00 00 00 00 00 00 00 00 00 00 00 00 00  ................
0x000000416CFBE890  00 00 00 00 00 00 00 00 00 00 00 00 00 00 00 00  ................
0x000000416CFBE8A0  00 00 00 00 00 00 00 00 00 00 00 00 00 00 00 00  ................
0x000000416CFBE8B0  00 00 00 00 00 00 00 00 00 00 00 00 00 00 00 00  ................
0x000000416CFBE8C0  00 00 00 00 00 00 00 00 00 00 00 00 00 00 00 00  ................
0x000000416CFBE8D0  00 00 00 00 00 00 00 00 00 00 00 00 00 00 00 00  ................
0x000000416CFBE8E0  00 00 00 00 00 00 00 00 00 00 EC 00 72 00 00 00  ............r...
0x000000416CFBE8F0  00 00 00 00 97 00 00 00 00 00 00 00 00 00 00 00  ................
0x000000416CFBE900  00 00 00 00 E0 60 85 41 01 00 00 00 1E 00 03 00  .....`.A........
0x000000416CFBE910  08 00 00 00 00 00 00 00 00 00 30 00 00 00 00 00  ..........0.....
0x000000416CFBE920  00 00 00 00 00 00 00 00 00 00 00 00 00 00 00 00  ................
0x000000416CFBE930  00 00 00 00 00 00 00 00 00 00 00 00 00 00 00 00  ................
0x000000416CFBE940  00 00 00 00 00 00 00 00 00 00 00 00 00 00 00 00  ................
0x000000416CFBE950  00 00 00 00 00 00 00 00 00 00 00 00 00 00 00 00  ................
0x000000416CFBE960  00 00 00 00 00 00 00 00 00 00 00 00 00 00 00 00  ................
0x000000416CFBE970  00 00 00 00 00 00 00 00 00 00 00 00 00 00 00 00  ................
0x000000416CFBE980  00 00 00 00 00 00 00 00 00 00 00 00 00 00 00 00  ................
0x000000416CFBE990  00 00 00 00 00 00 00 00 00 00 00 00 00 00 00 00  ................
0x000000416CFBE9A0  00 00 00 00 00 00 00 00 00 00 00 00 00 00 00 00  ................
0x000000416CFBE9B0  00 00 00 00 01 00 00 00 06 00 0C 00 0C 00 02 00  ................
0x000000416CFBE9C0  A8 03 00 00 00 00 00 00 00 00 00 00 00 00 00 00  ................
0x000000416CFBE9D0  00 00 00 00 70 B7 CF 40 01 00 00 00 40 87 CF 40  ....p..@....@..@
0x000000416CFBE9E0  01 00 00 00 70 B7 CF 40 01 00 00 00 40 87 CF 40  ....p..@....@..@
0x000000416CFBE9F0  01 00 00 00 78 19 D3 40 01 00 00 00 00 00 01 00  ....x..@........
0x000000416CFBEA00  00 00 00 00 00 00 01 00 00 00 00 00 00 00 00 00  ................
0x000000416CFBEA10  00 00 00 00 00 00 00 00 00 00 00 00 90 73 D3 40  .............s.@
0x000000416CFBEA20  01 00 00 00 D0 83 D3 40 01 00 00 00 BE 19 D3 40  .......@.......@
0x000000416CFBEA30  01 00 00 00 00 00 00 00 00 00 00 00 00 00 00 00  ................
0x000000416CFBEA40  00 00 00 00 00 00 02 00 00 00 00 00 00 00 01 00  ................
0x000000416CFBEA50  00 00 00 00 00 00 00 00 00 00 00 00 00 00 00 00  ................
0x000000416CFBEA60  00 00 00 00 50 5B D3 40 01 00 00 00 90 6B D3 40  ....P[.@.....k.@
0x000000416CFBEA70  01 00 00 00 E2 19 D3 40 01 00 00 00 00 00 00 00  .......@........
0x000000416CFBEA80  00 00 00 00 00 00 00 00 00 00 00 00 00 00 02 00  ................
0x000000416CFBEA90  00 00 00 00 00 00 01 00 00 00 00 00 00 00 00 00  ................
0x000000416CFBEAA0  00 00 00 00 00 00 00 00 00 00 00 00 50 5B D3 40  ............P[.@
0x000000416CFBEAB0  01 00 00 00 90 6B D3 40 01 00 00 00 06 1A D3 40  .....k.@.......@
0x000000416CFBEAC0  01 00 00 00 00 00 00 00 00 00 00 00 00 00 00 00  ................
0x000000416CFBEAD0  00 00 00 00 00 00 00 00 1C 01 C4 FF 14 01 00 00  ................
0x000000416CFBEAE0  30 01 C4 FF 14 01 00 00 1C 01 C4 FF 00 01 00 00  0...............
0x000000416CFBEAF0  30 01 C4 FF 00 01 00 00 00 00 00 00 00 00 00 00  0...............
0x000000416CFBEB00  00 00 00 00 2A 1A D3 40 01 00 00 00 40 1A D3 40  ....*..@....@..@
0x000000416CFBEB10  01 00 00 00 56 1A D3 40 01 00 00 00 00 00 00 00  ....V..@........
0x000000416CFBEB20  00 00 00 00 82 1A D3 40 01 00 00 00 01 10 00 D8  .......@........
0x000000416CFBEB30  BF E6 01 00 6C 1A D3 40 01 00 00 00 00 00 00 00  ....l..@........
0x000000416CFBEB40  00 00 00 00 00 00 00 00 00 00 00 00 00 00 00 00  ................
0x000000416CFBEB50  00 00 00 00 00 00 00 00 00 00 00 00 00 00 00 00  ................
0x000000416CFBEB60  00 00 00 00 00 00 00 00 00 00 00 00 00 00 00 00  ................
0x000000416CFBEB70  00 00 00 00 19 01 B9 FF FD 00 00 00 00 00 80 3F  ...............?
0x000000416CFBEB80  00 00 01 00 00 00 C0 3E 66 66 E6 3E 00 00 FA FF  .......>ff.>....
0x000000416CFBEB90  00 00 00 00 00 00 00 00 00 00 00 00 00 00 00 00  ................
0x000000416CFBEBA0  00 00 00 00 00 00 00 00 00 00 00 00 00 00 00 00  ................
0x000000416CFBEBB0  00 00 00 00 00 00 00 00 00 00 00 00 00 00 00 00  ................
0x000000416CFBEBC0  00 00 00 00 00 00 00 00 00 00 00 00 00 00 00 00  ................
0x000000416CFBEBD0  00 00 00 00 00 00 00 00 00 00 00 00 80 80 80 03  ................
0x000000416CFBEBE0  17 00 C4 78 00 10 00 10 00 00 F7 EA 18 18 C8 50  ...x...........P
0x000000416CFBEBF0  00 EF DE 20 28 20 28 00 EF E6 18 18 B0 50 00 00  ... ( (......P..
0x000000416CFBEC00  00 00 00 00 00 00 00 00 00 00 00 00 00 00 00 00  ................
0x000000416CFBEC10  00 00 00 00 00 00 00 00 00 00 00 00 00 00 00 00  ................
0x000000416CFBEC20  00 00 80 80 80 00 00 00 00 00 00 10 00 10 00 00  ................
0x000000416CFBEC30  00 00 00 00 00 00 00 00 00 00 00 00 00 00 00 00  ................
0x000000416CFBEC40  00 00 00 00 00 00 80 80 80 00 00 00 00 00 00 10  ................
0x000000416CFBEC50  00 10 00 00 00 00 00 00 00 00 00 00 00 00 00 00  ................
0x000000416CFBEC60  00 00 00 00 00 00 00 00 00 00 80 80 80 00 00 00  ................
0x000000416CFBEC70  00 00 00 10 00 10 00 00 00 00 00 00 00 00 00 00  ................
0x000000416CFBEC80  00 00 00 00 00 00 00 00 00 00 00 00 00 00 80 80  ................
0x000000416CFBEC90  80 01 1F 00 C4 79 00 10 00 10 00 00 00 00 00 00  .....y..........
0x000000416CFBECA0  00 00 00 00 80 80 80 01 1F 00 C4 79 00 10 00 10  ...........y....
0x000000416CFBECB0  00 00 00 00 00 00 00 00 00 00 80 80 80 01 1F 00  ................
0x000000416CFBECC0  C4 79 00 10 00 10 00 00 00 00 00 00 00 00 00 00  .y..............
0x000000416CFBECD0  80 80 80 01 1F 00 87 78 00 10 00 10 00 00 00 00  .......x........
0x000000416CFBECE0  0E 0C 56 BC 00 00 80 80 80 01 1E 00 87 78 00 10  ..V..........x..
0x000000416CFBECF0  00 10 00 00 00 00 10 10 00 00 00 00 01 00 00 00  ................
0x000000416CFBED00  00 00 00 00 E8 1F D3 40 01 00 00 00 05 04 32 00  .......@......2.
0x000000416CFBED10  00 00 01 00 00 00 23 00 18 00 C5 78 02 00 00 00  ......#....x....
0x000000416CFBED20  32 00 00 00 00 02 00 00 00 60 12 00 00 40 FC FF  2........`...@..
0x000000416CFBED30  00 60 12 00 00 00 00 00 00 00 00 00 00 00 00 00  .`..............
0x000000416CFBED40  00 00 00 00 00 00 00 00 00 20 00 00 00 00 00 00  ......... ......
0x000000416CFBED50  26 01 C4 FF 26 01 00 00 00 00 00 00 00 00 00 00  &...&...........
0x000000416CFBED60  00 00 00 00 00 00 00 00 00 00 00 00 00 00 00 00  ................
0x000000416CFBED70  00 00 00 00 00 00 00 00 00 00 00 00 03 00 0E 00  ................
0x000000416CFBED80  00 00 FF FF 00 00 00 00 00 00 00 00 0A 0A 00 00  ................
0x000000416CFBED90  0A 0A 00 00 00 00 00 00 00 00 00 00 00 00 00 00  ................
0x000000416CFBEDA0  00 00 00 00 00 00 00 00 00 00 00 00 00 00 00 00  ................
0x000000416CFBEDB0  00 00 00 00 00 00 00 00 00 00 00 00 00 00 00 00  ................
0x000000416CFBEDC0  00 00 00 00 00 00 00 00 00 00 00 00 00 00 00 00  ................
0x000000416CFBEDD0  00 00 00 00 00 00 00 00 00 00 00 00 00 00 00 00  ................
0x000000416CFBEDE0  00 00 00 00 00 00 00 00 00 00 00 00 00 00 00 00  ................
0x000000416CFBEDF0  00 00 00 00 00 00 00 00 00 00 00 00 00 00 00 00  ................
0x000000416CFBEE00  00 00 00 00 00 00 00 00 00 00 00 00 00 00 00 00  ................
0x000000416CFBEE10  00 00 00 00 00 00 00 00 00 00 00 00 00 00 00 00  ................
0x000000416CFBEE20  00 00 00 00 00 00 00 00 00 00 00 00 00 00 00 00  ................
0x000000416CFBEE30  00 00 D8 00 65 00 00 00 00 00 00 00 9B 00 00 00  ....e...........
0x000000416CFBEE40  00 00 00 00 00 00 01 01 00 00 00 00 E0 62 85 41  .............b.A
0x000000416CFBEE50  01 00 00 00 00 01 03 02 08 00 00 00 00 00 00 00  ................
0x000000416CFBEE60  00 02 00 00 00 00 00 00 00 00 00 00 00 00 00 00  ................
0x000000416CFBEE70  00 00 00 00 00 00 00 00 01 00 00 00 13 29 01 01  .............)..
0x000000416CFBEE80  00 00 00 00 00 00 05 00 0A 00 00 00 08 00 00 00  ................
0x000000416CFBEE90  00 00 00 00 01 00 00 00 00 00 00 00 00 00 00 00  ................
0x000000416CFBEEA0  00 00 00 00 00 00 00 00 00 00 00 00 00 00 00 00  ................
0x000000416CFBEEB0  00 00 00 00 00 00 00 00 00 00 00 00 00 00 00 00  ................
0x000000416CFBEEC0  00 00 00 00 00 00 00 00 00 00 00 00 00 00 00 00  ................
0x000000416CFBEED0  00 00 00 00 00 00 00 00 00 00 00 00 00 00 00 00  ................
0x000000416CFBEEE0  00 00 00 00 00 00 00 00 00 00 00 00 00 00 00 00  ................
0x000000416CFBEEF0  00 00 00 00 00 00 00 00 00 00 00 00 01 00 00 00  ................
0x000000416CFBEF00  44 00 02 00 13 00 01 00 04 00 00 00 00 00 00 00  D...............
0x000000416CFBEF10  00 00 00 00 00 00 00 00 00 00 00 00 70 B7 CF 40  ............p..@
0x000000416CFBEF20  01 00 00 00 40 87 CF 40 01 00 00 00 70 B7 CF 40  ....@..@....p..@
0x000000416CFBEF30  01 00 00 00 40 87 CF 40 01 00 00 00 C0 1E D3 40  ....@..@.......@
0x000000416CFBEF40  01 00 00 00 00 00 01 00 00 00 00 00 00 00 01 00  ................
0x000000416CFBEF50  00 00 00 00 00 00 00 00 00 00 00 00 00 00 00 00  ................
0x000000416CFBEF60  00 00 00 00 90 73 D3 40 01 00 00 00 D0 83 D3 40  .....s.@.......@
0x000000416CFBEF70  01 00 00 00 06 1F D3 40 01 00 00 00 00 00 00 00  .......@........
0x000000416CFBEF80  00 00 00 00 00 00 00 00 00 00 00 00 00 00 02 00  ................
0x000000416CFBEF90  00 00 00 00 00 00 01 00 00 00 00 00 00 00 00 00  ................
0x000000416CFBEFA0  00 00 00 00 00 00 00 00 00 00 00 00 50 5B D3 40  ............P[.@
0x000000416CFBEFB0  01 00 00 00 90 6B D3 40 01 00 00 00 2A 1F D3 40  .....k.@....*..@
0x000000416CFBEFC0  01 00 00 00 00 00 00 00 00 00 00 00 00 00 00 00  ................
0x000000416CFBEFD0  00 00 00 00 00 00 02 00 00 00 00 00 00 00 01 00  ................
0x000000416CFBEFE0  00 00 00 00 00 00 00 00 00 00 00 00 00 00 00 00  ................
0x000000416CFBEFF0  00 00 00 00 50 5B D3 40 01 00 00 00 90 6B D3 40  ....P[.@.....k.@
0x000000416CFBF000  01 00 00 00 4E 1F D3 40 01 00 00 00 00 00 00 00  ....N..@........
0x000000416CFBF010  00 00 00 00 00 00 00 00 00 00 00 00 00 00 00 00  ................
0x000000416CFBF020  1C 01 C4 FF 30 01 00 00 30 01 C4 FF 30 01 00 00  ....0...0...0...
0x000000416CFBF030  1C 01 C4 FF 1C 01 00 00 30 01 C4 FF 1C 01 00 00  ........0.......
0x000000416CFBF040  00 00 00 00 00 00 00 00 00 00 00 00 72 1F D3 40  ............r..@
0x000000416CFBF050  01 00 00 00 88 1F D3 40 01 00 00 00 9E 1F D3 40  .......@.......@
0x000000416CFBF060  01 00 00 00 00 00 00 00 00 00 00 00 CA 1F D3 40  ...............@
0x000000416CFBF070  01 00 00 00 01 09 00 D8 37 4B 00 00 B4 1F D3 40  ........7K.....@
0x000000416CFBF080  01 00 00 00 00 00 00 00 00 00 00 00 00 00 00 00  ................
0x000000416CFBF090  00 00 00 00 00 00 00 00 00 00 00 00 00 00 00 00  ................
0x000000416CFBF0A0  00 00 00 00 00 00 00 00 00 00 00 00 00 00 00 00  ................
0x000000416CFBF0B0  00 00 00 00 00 00 00 00 00 00 00 00 19 01 B9 FF  ................
0x000000416CFBF0C0  19 01 00 00 00 00 80 3F 00 00 01 00 00 00 C0 3E  .......?.......>
0x000000416CFBF0D0  66 66 E6 3E 00 00 FA FF 00 00 00 00 00 00 00 00  ff.>............
0x000000416CFBF0E0  00 00 00 00 00 00 00 00 00 00 00 00 00 00 00 00  ................
0x000000416CFBF0F0  00 00 00 00 00 00 00 00 00 00 00 00 00 00 00 00  ................

## 0x416CFBF500 ok=True bytes=2304
0x000000416CFBF500  01 00 00 00 72 24 D3 40 01 00 00 00 00 00 00 00  ....r$.@........
0x000000416CFBF510  00 00 00 00 00 00 00 00 00 00 00 00 00 00 02 00  ................
0x000000416CFBF520  00 00 00 00 00 00 01 00 00 00 00 00 00 00 00 00  ................
0x000000416CFBF530  00 00 00 00 00 00 00 00 00 00 00 00 50 5B D3 40  ............P[.@
0x000000416CFBF540  01 00 00 00 90 6B D3 40 01 00 00 00 96 24 D3 40  .....k.@.....$.@
0x000000416CFBF550  01 00 00 00 00 00 00 00 00 00 00 00 00 00 00 00  ................
0x000000416CFBF560  00 00 00 00 00 00 00 00 1A 01 C4 FF FA 00 00 00  ................
0x000000416CFBF570  32 01 C4 FF FA 00 00 00 1A 01 D0 FF E2 00 00 00  2...............
0x000000416CFBF580  32 01 D0 FF E2 00 00 00 00 00 00 00 00 00 00 00  2...............
0x000000416CFBF590  00 00 00 00 BA 24 D3 40 01 00 00 00 D0 24 D3 40  .....$.@.....$.@
0x000000416CFBF5A0  01 00 00 00 E6 24 D3 40 01 00 00 00 00 00 00 00  .....$.@........
0x000000416CFBF5B0  00 00 00 00 12 25 D3 40 01 00 00 00 01 15 00 D8  .....%.@........
0x000000416CFBF5C0  0A 00 00 00 FC 24 D3 40 01 00 00 00 00 00 00 00  .....$.@........
0x000000416CFBF5D0  00 00 00 00 00 00 00 00 00 00 00 00 00 00 00 00  ................
0x000000416CFBF5E0  00 00 00 00 00 00 00 00 00 00 00 00 00 00 00 00  ................
0x000000416CFBF5F0  00 00 00 00 00 00 00 00 00 00 00 00 00 00 00 00  ................
0x000000416CFBF600  00 00 00 00 19 01 BF FF E1 00 00 00 00 00 A0 3F  ...............?
0x000000416CFBF610  00 00 01 00 00 00 C0 3E 66 66 E6 3E 00 00 FA FF  .......>ff.>....
0x000000416CFBF620  00 00 00 00 00 00 00 00 00 00 00 00 00 00 00 00  ................
0x000000416CFBF630  00 00 00 00 00 00 00 00 00 00 00 00 00 00 00 00  ................
0x000000416CFBF640  00 00 00 00 00 00 00 00 00 00 00 00 00 00 00 00  ................
0x000000416CFBF650  00 00 00 00 00 00 00 00 00 00 00 00 00 00 00 00  ................
0x000000416CFBF660  00 00 00 00 00 00 00 00 00 00 00 00 80 80 80 03  ................
0x000000416CFBF670  19 00 C6 78 00 10 00 10 00 00 F7 EA 18 18 68 50  ...x..........hP
0x000000416CFBF680  00 EF DE 20 28 C0 00 00 F2 E6 18 18 50 50 00 00  ... (.......PP..
0x000000416CFBF690  00 00 00 00 00 00 00 00 00 00 00 00 00 00 00 00  ................
0x000000416CFBF6A0  00 00 00 00 00 00 00 00 00 00 00 00 00 00 00 00  ................
0x000000416CFBF6B0  00 00 80 80 80 00 00 00 00 00 00 10 00 10 00 00  ................
0x000000416CFBF6C0  00 00 00 00 00 00 00 00 00 00 00 00 00 00 00 00  ................
0x000000416CFBF6D0  00 00 00 00 00 00 80 80 80 00 00 00 00 00 00 10  ................
0x000000416CFBF6E0  00 10 00 00 00 00 00 00 00 00 00 00 00 00 00 00  ................
0x000000416CFBF6F0  00 00 00 00 00 00 00 00 00 00 80 80 80 00 00 00  ................
0x000000416CFBF700  00 00 00 10 00 10 00 00 00 00 00 00 00 00 00 00  ................
0x000000416CFBF710  00 00 00 00 00 00 00 00 00 00 00 00 00 00 80 80  ................
0x000000416CFBF720  80 01 1F 00 C6 79 00 10 00 10 00 00 00 00 00 00  .....y..........
0x000000416CFBF730  00 00 00 00 80 80 80 01 1F 00 C6 79 00 10 00 10  ...........y....
0x000000416CFBF740  00 00 00 00 00 00 00 00 00 00 80 80 80 01 1F 00  ................
0x000000416CFBF750  C6 79 00 10 00 10 00 00 00 00 00 00 00 00 00 00  .y..............
0x000000416CFBF760  80 80 80 01 1F 00 87 78 00 10 00 10 00 00 00 00  .......x........
0x000000416CFBF770  0E 0C 00 B0 00 00 80 80 80 01 1E 00 87 78 00 10  .............x..
0x000000416CFBF780  00 10 00 00 00 00 10 10 00 00 00 00 00 00 00 00  ................
0x000000416CFBF790  00 00 00 00 00 00 00 00 00 00 00 00 00 00 00 00  ................
0x000000416CFBF7A0  00 00 00 00 00 00 00 00 00 00 00 00 00 00 00 00  ................
0x000000416CFBF7B0  00 00 00 00 00 00 00 00 00 00 00 00 00 00 00 00  ................
0x000000416CFBF7C0  00 00 00 00 00 00 00 00 00 00 00 00 00 00 00 00  ................
0x000000416CFBF7D0  00 00 00 00 00 00 00 00 00 00 00 00 00 00 00 00  ................
0x000000416CFBF7E0  00 00 00 00 00 00 00 00 00 00 00 00 00 00 00 00  ................
0x000000416CFBF7F0  00 00 00 00 00 00 00 00 00 00 00 00 00 00 00 00  ................
0x000000416CFBF800  00 00 00 00 00 00 00 00 00 00 00 00 00 00 00 00  ................
0x000000416CFBF810  00 00 00 00 00 00 00 00 00 00 00 00 00 00 00 00  ................
0x000000416CFBF820  00 00 00 00 00 00 00 00 00 00 00 00 00 00 00 00  ................
0x000000416CFBF830  00 00 00 00 00 00 00 00 00 00 00 00 00 00 00 00  ................
0x000000416CFBF840  00 00 00 00 00 00 00 00 00 00 00 00 00 00 00 00  ................
0x000000416CFBF850  00 00 00 00 00 00 00 00 00 00 00 00 00 00 00 00  ................
0x000000416CFBF860  00 00 00 00 00 00 00 00 00 00 00 00 00 00 00 00  ................
0x000000416CFBF870  00 00 00 00 00 00 00 00 00 00 00 00 00 00 00 00  ................
0x000000416CFBF880  00 00 00 00 00 00 00 00 00 00 00 00 00 00 00 00  ................
0x000000416CFBF890  00 00 00 00 00 00 00 00 00 00 00 00 00 00 00 00  ................
0x000000416CFBF8A0  00 00 00 00 00 00 00 00 00 00 00 00 00 00 00 00  ................
0x000000416CFBF8B0  00 00 00 00 00 00 00 00 00 00 00 00 00 00 00 00  ................
0x000000416CFBF8C0  00 00 00 00 00 00 00 00 00 00 00 00 00 00 00 00  ................
0x000000416CFBF8D0  00 00 00 00 00 00 00 00 00 00 00 00 00 00 00 00  ................
0x000000416CFBF8E0  00 00 00 00 00 00 00 00 00 00 00 00 00 00 00 00  ................
0x000000416CFBF8F0  00 00 00 00 00 00 00 00 00 00 00 00 00 00 00 00  ................
0x000000416CFBF900  00 00 00 00 00 00 00 00 00 00 00 00 00 00 00 00  ................
0x000000416CFBF910  00 00 00 00 00 00 00 00 00 00 00 00 00 00 00 00  ................
0x000000416CFBF920  00 00 00 00 00 00 00 00 00 00 00 00 00 00 00 00  ................
0x000000416CFBF930  00 00 00 00 00 00 00 00 00 00 00 00 00 00 00 00  ................
0x000000416CFBF940  00 00 00 00 00 00 00 00 00 00 00 00 00 00 00 00  ................
0x000000416CFBF950  00 00 00 00 00 00 00 00 00 00 00 00 00 00 00 00  ................
0x000000416CFBF960  00 00 00 00 00 00 00 00 00 00 00 00 00 00 00 00  ................
0x000000416CFBF970  00 00 00 00 00 00 00 00 00 00 00 00 00 00 00 00  ................
0x000000416CFBF980  00 00 00 00 00 00 00 00 00 00 00 00 00 00 00 00  ................
0x000000416CFBF990  00 00 00 00 00 00 00 00 00 00 00 00 00 00 00 00  ................
0x000000416CFBF9A0  00 00 00 00 00 00 00 00 00 00 00 00 70 B7 CF 40  ............p..@
0x000000416CFBF9B0  01 00 00 00 40 87 CF 40 01 00 00 00 70 B7 CF 40  ....@..@....p..@
0x000000416CFBF9C0  01 00 00 00 40 87 CF 40 01 00 00 00 58 04 D3 40  ....@..@....X..@
0x000000416CFBF9D0  01 00 00 00 00 00 00 00 00 00 00 00 00 00 00 00  ................
0x000000416CFBF9E0  00 00 00 00 00 00 00 00 00 00 00 00 00 00 00 00  ................
0x000000416CFBF9F0  00 00 00 00 90 73 D3 40 01 00 00 00 D0 83 D3 40  .....s.@.......@
0x000000416CFBFA00  01 00 00 00 9E 04 D3 40 01 00 00 00 00 00 00 00  .......@........
0x000000416CFBFA10  00 00 00 00 00 00 00 00 00 00 00 00 00 00 00 00  ................
0x000000416CFBFA20  00 00 00 00 00 00 00 00 00 00 00 00 00 00 00 00  ................
0x000000416CFBFA30  00 00 00 00 00 00 00 00 00 00 00 00 50 5B D3 40  ............P[.@
0x000000416CFBFA40  01 00 00 00 90 6B D3 40 01 00 00 00 C2 04 D3 40  .....k.@.......@
0x000000416CFBFA50  01 00 00 00 00 00 00 00 00 00 00 00 00 00 00 00  ................
0x000000416CFBFA60  00 00 00 00 00 00 00 00 00 00 00 00 00 00 00 00  ................
0x000000416CFBFA70  00 00 00 00 00 00 00 00 00 00 00 00 00 00 00 00  ................
0x000000416CFBFA80  00 00 00 00 50 5B D3 40 01 00 00 00 90 6B D3 40  ....P[.@.....k.@
0x000000416CFBFA90  01 00 00 00 E6 04 D3 40 01 00 00 00 00 00 00 00  .......@........
0x000000416CFBFAA0  00 00 00 00 00 00 00 00 00 00 00 00 00 00 00 00  ................
0x000000416CFBFAB0  00 00 00 00 00 00 00 00 00 00 00 00 00 00 00 00  ................
0x000000416CFBFAC0  00 00 00 00 00 00 00 00 00 00 00 00 00 00 00 00  ................
0x000000416CFBFAD0  00 00 00 00 00 00 00 00 00 00 00 00 0A 05 D3 40  ...............@
0x000000416CFBFAE0  01 00 00 00 20 05 D3 40 01 00 00 00 36 05 D3 40  .... ..@....6..@
0x000000416CFBFAF0  01 00 00 00 00 00 00 00 00 00 00 00 62 05 D3 40  ............b..@
0x000000416CFBFB00  01 00 00 00 00 00 00 00 00 00 00 00 4C 05 D3 40  ............L..@
0x000000416CFBFB10  01 00 00 00 00 00 00 00 00 00 00 00 00 00 00 00  ................
0x000000416CFBFB20  00 00 00 00 00 00 00 00 00 00 00 00 00 00 00 00  ................
0x000000416CFBFB30  00 00 00 00 00 00 00 00 00 00 00 00 00 00 00 00  ................
0x000000416CFBFB40  00 00 00 00 00 00 00 00 00 00 00 00 00 00 00 00  ................
0x000000416CFBFB50  00 00 00 00 00 00 00 00 00 00 00 00 00 00 00 00  ................
0x000000416CFBFB60  00 00 00 00 00 00 00 00 00 00 00 00 00 00 00 00  ................
0x000000416CFBFB70  00 00 00 00 00 00 00 00 00 00 00 00 00 00 00 00  ................
0x000000416CFBFB80  00 00 00 00 00 00 00 00 00 00 00 00 00 00 00 00  ................
0x000000416CFBFB90  00 00 00 00 00 00 00 00 00 00 00 00 00 00 00 00  ................
0x000000416CFBFBA0  00 00 00 00 00 00 00 00 00 00 00 00 00 00 00 00  ................
0x000000416CFBFBB0  00 00 00 00 00 00 00 00 00 00 00 00 00 00 00 00  ................
0x000000416CFBFBC0  00 00 00 00 00 00 00 00 00 00 00 00 00 00 00 00  ................
0x000000416CFBFBD0  00 00 00 00 00 00 00 00 00 00 00 00 00 00 00 00  ................
0x000000416CFBFBE0  00 00 00 00 00 00 00 00 00 00 00 00 00 00 00 00  ................
0x000000416CFBFBF0  00 00 00 00 00 00 00 00 00 00 00 00 00 00 00 00  ................
0x000000416CFBFC00  00 00 00 00 00 00 00 00 00 00 00 00 00 00 00 00  ................
0x000000416CFBFC10  00 00 00 00 00 00 00 00 00 00 00 00 00 00 00 00  ................
0x000000416CFBFC20  00 00 00 00 00 00 00 00 00 00 00 00 00 00 00 00  ................
0x000000416CFBFC30  00 00 00 00 00 00 00 00 00 00 00 00 00 00 00 00  ................
0x000000416CFBFC40  00 00 00 00 00 00 00 00 00 00 00 00 00 00 00 00  ................
0x000000416CFBFC50  00 00 00 00 00 00 00 00 00 00 00 00 00 00 00 00  ................
0x000000416CFBFC60  00 00 00 00 00 00 00 00 00 00 00 00 00 00 00 00  ................
0x000000416CFBFC70  00 00 00 00 00 00 00 00 00 00 00 00 00 00 00 00  ................
0x000000416CFBFC80  00 00 00 00 00 00 00 00 00 00 00 00 00 00 00 00  ................
0x000000416CFBFC90  00 00 00 00 00 00 00 00 00 00 00 00 00 00 00 00  ................
0x000000416CFBFCA0  00 00 00 00 00 00 00 00 00 00 00 00 00 00 00 00  ................
0x000000416CFBFCB0  00 00 00 00 00 00 00 00 00 00 00 00 00 00 00 00  ................
0x000000416CFBFCC0  00 00 00 00 00 00 00 00 00 00 00 00 00 00 00 00  ................
0x000000416CFBFCD0  00 00 00 00 00 00 00 00 00 00 00 00 00 00 00 00  ................
0x000000416CFBFCE0  00 00 00 00 00 00 00 00 00 00 00 00 00 00 00 00  ................
0x000000416CFBFCF0  00 00 00 00 00 00 00 00 00 00 00 00 00 00 00 00  ................
0x000000416CFBFD00  00 00 00 00 00 00 00 00 00 00 00 00 00 00 00 00  ................
0x000000416CFBFD10  00 00 00 00 00 00 00 00 00 00 00 00 00 00 00 00  ................
0x000000416CFBFD20  00 00 00 00 00 00 00 00 00 00 00 00 00 00 00 00  ................
0x000000416CFBFD30  00 00 00 00 00 00 00 00 00 00 00 00 00 00 00 00  ................
0x000000416CFBFD40  00 00 00 00 00 00 00 00 00 00 00 00 00 00 00 00  ................
0x000000416CFBFD50  00 00 00 00 00 00 00 00 00 00 00 00 00 00 00 00  ................
0x000000416CFBFD60  00 00 00 00 00 00 00 00 00 00 00 00 00 00 00 00  ................
0x000000416CFBFD70  00 00 00 00 00 00 00 00 00 00 00 00 00 00 00 00  ................
0x000000416CFBFD80  00 00 00 00 00 00 00 00 00 00 00 00 00 00 00 00  ................
0x000000416CFBFD90  00 00 00 00 00 00 00 00 00 00 00 00 00 00 00 00  ................
0x000000416CFBFDA0  00 00 00 00 00 00 00 00 00 00 00 00 00 00 00 00  ................
0x000000416CFBFDB0  00 00 00 00 00 00 00 00 00 00 00 00 00 00 00 00  ................
0x000000416CFBFDC0  00 00 00 00 00 00 00 00 00 00 00 00 00 00 00 00  ................
0x000000416CFBFDD0  00 00 00 00 00 00 00 00 00 00 00 00 00 00 00 00  ................
0x000000416CFBFDE0  00 00 00 00 00 00 00 00 00 00 00 00 00 00 00 00  ................
0x000000416CFBFDF0  00 00 00 00 00 00 00 00 00 00 00 00 00 00 00 00  ................

## 0x416CFBF900 ok=True bytes=2304
0x000000416CFBF900  00 00 00 00 00 00 00 00 00 00 00 00 00 00 00 00  ................
0x000000416CFBF910  00 00 00 00 00 00 00 00 00 00 00 00 00 00 00 00  ................
0x000000416CFBF920  00 00 00 00 00 00 00 00 00 00 00 00 00 00 00 00  ................
0x000000416CFBF930  00 00 00 00 00 00 00 00 00 00 00 00 00 00 00 00  ................
0x000000416CFBF940  00 00 00 00 00 00 00 00 00 00 00 00 00 00 00 00  ................
0x000000416CFBF950  00 00 00 00 00 00 00 00 00 00 00 00 00 00 00 00  ................
0x000000416CFBF960  00 00 00 00 00 00 00 00 00 00 00 00 00 00 00 00  ................
0x000000416CFBF970  00 00 00 00 00 00 00 00 00 00 00 00 00 00 00 00  ................
0x000000416CFBF980  00 00 00 00 00 00 00 00 00 00 00 00 00 00 00 00  ................
0x000000416CFBF990  00 00 00 00 00 00 00 00 00 00 00 00 00 00 00 00  ................
0x000000416CFBF9A0  00 00 00 00 00 00 00 00 00 00 00 00 70 B7 CF 40  ............p..@
0x000000416CFBF9B0  01 00 00 00 40 87 CF 40 01 00 00 00 70 B7 CF 40  ....@..@....p..@
0x000000416CFBF9C0  01 00 00 00 40 87 CF 40 01 00 00 00 58 04 D3 40  ....@..@....X..@
0x000000416CFBF9D0  01 00 00 00 00 00 00 00 00 00 00 00 00 00 00 00  ................
0x000000416CFBF9E0  00 00 00 00 00 00 00 00 00 00 00 00 00 00 00 00  ................
0x000000416CFBF9F0  00 00 00 00 90 73 D3 40 01 00 00 00 D0 83 D3 40  .....s.@.......@
0x000000416CFBFA00  01 00 00 00 9E 04 D3 40 01 00 00 00 00 00 00 00  .......@........
0x000000416CFBFA10  00 00 00 00 00 00 00 00 00 00 00 00 00 00 00 00  ................
0x000000416CFBFA20  00 00 00 00 00 00 00 00 00 00 00 00 00 00 00 00  ................
0x000000416CFBFA30  00 00 00 00 00 00 00 00 00 00 00 00 50 5B D3 40  ............P[.@
0x000000416CFBFA40  01 00 00 00 90 6B D3 40 01 00 00 00 C2 04 D3 40  .....k.@.......@
0x000000416CFBFA50  01 00 00 00 00 00 00 00 00 00 00 00 00 00 00 00  ................
0x000000416CFBFA60  00 00 00 00 00 00 00 00 00 00 00 00 00 00 00 00  ................
0x000000416CFBFA70  00 00 00 00 00 00 00 00 00 00 00 00 00 00 00 00  ................
0x000000416CFBFA80  00 00 00 00 50 5B D3 40 01 00 00 00 90 6B D3 40  ....P[.@.....k.@
0x000000416CFBFA90  01 00 00 00 E6 04 D3 40 01 00 00 00 00 00 00 00  .......@........
0x000000416CFBFAA0  00 00 00 00 00 00 00 00 00 00 00 00 00 00 00 00  ................
0x000000416CFBFAB0  00 00 00 00 00 00 00 00 00 00 00 00 00 00 00 00  ................
0x000000416CFBFAC0  00 00 00 00 00 00 00 00 00 00 00 00 00 00 00 00  ................
0x000000416CFBFAD0  00 00 00 00 00 00 00 00 00 00 00 00 0A 05 D3 40  ...............@
0x000000416CFBFAE0  01 00 00 00 20 05 D3 40 01 00 00 00 36 05 D3 40  .... ..@....6..@
0x000000416CFBFAF0  01 00 00 00 00 00 00 00 00 00 00 00 62 05 D3 40  ............b..@
0x000000416CFBFB00  01 00 00 00 00 00 00 00 00 00 00 00 4C 05 D3 40  ............L..@
0x000000416CFBFB10  01 00 00 00 00 00 00 00 00 00 00 00 00 00 00 00  ................
0x000000416CFBFB20  00 00 00 00 00 00 00 00 00 00 00 00 00 00 00 00  ................
0x000000416CFBFB30  00 00 00 00 00 00 00 00 00 00 00 00 00 00 00 00  ................
0x000000416CFBFB40  00 00 00 00 00 00 00 00 00 00 00 00 00 00 00 00  ................
0x000000416CFBFB50  00 00 00 00 00 00 00 00 00 00 00 00 00 00 00 00  ................
0x000000416CFBFB60  00 00 00 00 00 00 00 00 00 00 00 00 00 00 00 00  ................
0x000000416CFBFB70  00 00 00 00 00 00 00 00 00 00 00 00 00 00 00 00  ................
0x000000416CFBFB80  00 00 00 00 00 00 00 00 00 00 00 00 00 00 00 00  ................
0x000000416CFBFB90  00 00 00 00 00 00 00 00 00 00 00 00 00 00 00 00  ................
0x000000416CFBFBA0  00 00 00 00 00 00 00 00 00 00 00 00 00 00 00 00  ................
0x000000416CFBFBB0  00 00 00 00 00 00 00 00 00 00 00 00 00 00 00 00  ................
0x000000416CFBFBC0  00 00 00 00 00 00 00 00 00 00 00 00 00 00 00 00  ................
0x000000416CFBFBD0  00 00 00 00 00 00 00 00 00 00 00 00 00 00 00 00  ................
0x000000416CFBFBE0  00 00 00 00 00 00 00 00 00 00 00 00 00 00 00 00  ................
0x000000416CFBFBF0  00 00 00 00 00 00 00 00 00 00 00 00 00 00 00 00  ................
0x000000416CFBFC00  00 00 00 00 00 00 00 00 00 00 00 00 00 00 00 00  ................
0x000000416CFBFC10  00 00 00 00 00 00 00 00 00 00 00 00 00 00 00 00  ................
0x000000416CFBFC20  00 00 00 00 00 00 00 00 00 00 00 00 00 00 00 00  ................
0x000000416CFBFC30  00 00 00 00 00 00 00 00 00 00 00 00 00 00 00 00  ................
0x000000416CFBFC40  00 00 00 00 00 00 00 00 00 00 00 00 00 00 00 00  ................
0x000000416CFBFC50  00 00 00 00 00 00 00 00 00 00 00 00 00 00 00 00  ................
0x000000416CFBFC60  00 00 00 00 00 00 00 00 00 00 00 00 00 00 00 00  ................
0x000000416CFBFC70  00 00 00 00 00 00 00 00 00 00 00 00 00 00 00 00  ................
0x000000416CFBFC80  00 00 00 00 00 00 00 00 00 00 00 00 00 00 00 00  ................
0x000000416CFBFC90  00 00 00 00 00 00 00 00 00 00 00 00 00 00 00 00  ................
0x000000416CFBFCA0  00 00 00 00 00 00 00 00 00 00 00 00 00 00 00 00  ................
0x000000416CFBFCB0  00 00 00 00 00 00 00 00 00 00 00 00 00 00 00 00  ................
0x000000416CFBFCC0  00 00 00 00 00 00 00 00 00 00 00 00 00 00 00 00  ................
0x000000416CFBFCD0  00 00 00 00 00 00 00 00 00 00 00 00 00 00 00 00  ................
0x000000416CFBFCE0  00 00 00 00 00 00 00 00 00 00 00 00 00 00 00 00  ................
0x000000416CFBFCF0  00 00 00 00 00 00 00 00 00 00 00 00 00 00 00 00  ................
0x000000416CFBFD00  00 00 00 00 00 00 00 00 00 00 00 00 00 00 00 00  ................
0x000000416CFBFD10  00 00 00 00 00 00 00 00 00 00 00 00 00 00 00 00  ................
0x000000416CFBFD20  00 00 00 00 00 00 00 00 00 00 00 00 00 00 00 00  ................
0x000000416CFBFD30  00 00 00 00 00 00 00 00 00 00 00 00 00 00 00 00  ................
0x000000416CFBFD40  00 00 00 00 00 00 00 00 00 00 00 00 00 00 00 00  ................
0x000000416CFBFD50  00 00 00 00 00 00 00 00 00 00 00 00 00 00 00 00  ................
0x000000416CFBFD60  00 00 00 00 00 00 00 00 00 00 00 00 00 00 00 00  ................
0x000000416CFBFD70  00 00 00 00 00 00 00 00 00 00 00 00 00 00 00 00  ................
0x000000416CFBFD80  00 00 00 00 00 00 00 00 00 00 00 00 00 00 00 00  ................
0x000000416CFBFD90  00 00 00 00 00 00 00 00 00 00 00 00 00 00 00 00  ................
0x000000416CFBFDA0  00 00 00 00 00 00 00 00 00 00 00 00 00 00 00 00  ................
0x000000416CFBFDB0  00 00 00 00 00 00 00 00 00 00 00 00 00 00 00 00  ................
0x000000416CFBFDC0  00 00 00 00 00 00 00 00 00 00 00 00 00 00 00 00  ................
0x000000416CFBFDD0  00 00 00 00 00 00 00 00 00 00 00 00 00 00 00 00  ................
0x000000416CFBFDE0  00 00 00 00 00 00 00 00 00 00 00 00 00 00 00 00  ................
0x000000416CFBFDF0  00 00 00 00 00 00 00 00 00 00 00 00 00 00 00 00  ................
0x000000416CFBFE00  00 00 00 00 00 00 00 00 00 00 00 00 00 00 00 00  ................
0x000000416CFBFE10  00 00 00 00 00 00 00 00 00 00 00 00 00 00 00 00  ................
0x000000416CFBFE20  00 00 00 00 00 00 00 00 00 00 00 00 00 00 00 00  ................
0x000000416CFBFE30  00 00 00 00 00 00 00 00 00 00 00 00 00 00 00 00  ................
0x000000416CFBFE40  00 00 00 00 00 00 00 00 00 00 00 00 00 00 00 00  ................
0x000000416CFBFE50  00 00 00 00 00 00 00 00 00 00 00 00 00 00 00 00  ................
0x000000416CFBFE60  00 00 00 00 00 00 00 00 00 00 00 00 00 00 00 00  ................
0x000000416CFBFE70  00 00 00 00 00 00 00 00 00 00 00 00 00 00 00 00  ................
0x000000416CFBFE80  00 00 00 00 00 00 00 00 00 00 00 00 00 00 00 00  ................
0x000000416CFBFE90  00 00 00 00 00 00 00 00 00 00 00 00 00 00 00 00  ................
0x000000416CFBFEA0  00 00 00 00 00 00 00 00 00 00 00 00 00 00 00 00  ................
0x000000416CFBFEB0  00 00 00 00 00 00 00 00 00 00 00 00 00 00 00 00  ................
0x000000416CFBFEC0  00 00 00 00 00 00 00 00 00 00 00 00 00 00 00 00  ................
0x000000416CFBFED0  00 00 00 00 00 00 00 00 00 00 00 00 00 00 00 00  ................
0x000000416CFBFEE0  00 00 00 00 00 00 00 00 00 00 00 00 00 00 00 00  ................
0x000000416CFBFEF0  00 00 00 00 70 B7 CF 40 01 00 00 00 40 87 CF 40  ....p..@....@..@
0x000000416CFBFF00  01 00 00 00 70 B7 CF 40 01 00 00 00 40 87 CF 40  ....p..@....@..@
0x000000416CFBFF10  01 00 00 00 58 04 D3 40 01 00 00 00 00 00 00 00  ....X..@........
0x000000416CFBFF20  00 00 00 00 00 00 00 00 00 00 00 00 00 00 00 00  ................
0x000000416CFBFF30  00 00 00 00 00 00 00 00 00 00 00 00 90 73 D3 40  .............s.@
0x000000416CFBFF40  01 00 00 00 D0 83 D3 40 01 00 00 00 9E 04 D3 40  .......@.......@
0x000000416CFBFF50  01 00 00 00 00 00 00 00 00 00 00 00 00 00 00 00  ................
0x000000416CFBFF60  00 00 00 00 00 00 00 00 00 00 00 00 00 00 00 00  ................
0x000000416CFBFF70  00 00 00 00 00 00 00 00 00 00 00 00 00 00 00 00  ................
0x000000416CFBFF80  00 00 00 00 50 5B D3 40 01 00 00 00 90 6B D3 40  ....P[.@.....k.@
0x000000416CFBFF90  01 00 00 00 C2 04 D3 40 01 00 00 00 00 00 00 00  .......@........
0x000000416CFBFFA0  00 00 00 00 00 00 00 00 00 00 00 00 00 00 00 00  ................
0x000000416CFBFFB0  00 00 00 00 00 00 00 00 00 00 00 00 00 00 00 00  ................
0x000000416CFBFFC0  00 00 00 00 00 00 00 00 00 00 00 00 50 5B D3 40  ............P[.@
0x000000416CFBFFD0  01 00 00 00 90 6B D3 40 01 00 00 00 E6 04 D3 40  .....k.@.......@
0x000000416CFBFFE0  01 00 00 00 00 00 00 00 00 00 00 00 00 00 00 00  ................
0x000000416CFBFFF0  00 00 00 00 00 00 00 00 00 00 00 00 00 00 00 00  ................
0x000000416CFC0000  00 00 00 00 00 00 00 00 00 00 00 00 00 00 00 00  ................
0x000000416CFC0010  00 00 00 00 00 00 00 00 00 00 00 00 00 00 00 00  ................
0x000000416CFC0020  00 00 00 00 0A 05 D3 40 01 00 00 00 20 05 D3 40  .......@.... ..@
0x000000416CFC0030  01 00 00 00 36 05 D3 40 01 00 00 00 00 00 00 00  ....6..@........
0x000000416CFC0040  00 00 00 00 62 05 D3 40 01 00 00 00 00 00 00 00  ....b..@........
0x000000416CFC0050  00 00 00 00 4C 05 D3 40 01 00 00 00 00 00 00 00  ....L..@........
0x000000416CFC0060  00 00 00 00 00 00 00 00 00 00 00 00 00 00 00 00  ................
0x000000416CFC0070  00 00 00 00 00 00 00 00 00 00 00 00 00 00 00 00  ................
0x000000416CFC0080  00 00 00 00 00 00 00 00 00 00 00 00 00 00 00 00  ................
0x000000416CFC0090  00 00 00 00 00 00 00 00 00 00 00 00 00 00 00 00  ................
0x000000416CFC00A0  00 00 00 00 00 00 00 00 00 00 00 00 00 00 00 00  ................
0x000000416CFC00B0  00 00 00 00 00 00 00 00 00 00 00 00 00 00 00 00  ................
0x000000416CFC00C0  00 00 00 00 00 00 00 00 00 00 00 00 00 00 00 00  ................
0x000000416CFC00D0  00 00 00 00 00 00 00 00 00 00 00 00 00 00 00 00  ................
0x000000416CFC00E0  00 00 00 00 00 00 00 00 00 00 00 00 00 00 00 00  ................
0x000000416CFC00F0  00 00 00 00 00 00 00 00 00 00 00 00 00 00 00 00  ................
0x000000416CFC0100  00 00 00 00 00 00 00 00 00 00 00 00 00 00 00 00  ................
0x000000416CFC0110  00 00 00 00 00 00 00 00 00 00 00 00 00 00 00 00  ................
0x000000416CFC0120  00 00 00 00 00 00 00 00 00 00 00 00 00 00 00 00  ................
0x000000416CFC0130  00 00 00 00 00 00 00 00 00 00 00 00 00 00 00 00  ................
0x000000416CFC0140  00 00 00 00 00 00 00 00 00 00 00 00 00 00 00 00  ................
0x000000416CFC0150  00 00 00 00 00 00 00 00 00 00 00 00 00 00 00 00  ................
0x000000416CFC0160  00 00 00 00 00 00 00 00 00 00 00 00 00 00 00 00  ................
0x000000416CFC0170  00 00 00 00 00 00 00 00 00 00 00 00 00 00 00 00  ................
0x000000416CFC0180  00 00 00 00 00 00 00 00 00 00 00 00 00 00 00 00  ................
0x000000416CFC0190  00 00 00 00 00 00 00 00 00 00 00 00 00 00 00 00  ................
0x000000416CFC01A0  00 00 00 00 00 00 00 00 00 00 00 00 00 00 00 00  ................
0x000000416CFC01B0  00 00 00 00 00 00 00 00 00 00 00 00 00 00 00 00  ................
0x000000416CFC01C0  00 00 00 00 00 00 00 00 00 00 00 00 00 00 00 00  ................
0x000000416CFC01D0  00 00 00 00 00 00 00 00 00 00 00 00 00 00 00 00  ................
0x000000416CFC01E0  00 00 00 00 00 00 00 00 00 00 00 00 00 00 00 00  ................
0x000000416CFC01F0  00 00 00 00 00 00 00 00 00 00 00 00 00 00 00 00  ................

